51,35
10,77
10,231
10,165
10,155
10,273
10,279
10,99
11,17
11,18
11,24
11,25
11,26
8,8
8,5
8,4
49,4
49,3
49,2
49,1
49,0
47,3
47,2
47,1
47,0
44,3
44,2
44,1
44,0
41,3
41,2
41,1
41,0
38,3
38,2
38,1
38,0
35,3
35,1
32,3
32,1
26,3
26,2
26,1
20,3
20,2
20,1
19,2
19,1
12,3
19,3
12,2
12,1
11,30
11,23
11,22
11,16
11,15
11,14
11,13
11,12
11,9
11,8
11,5
11,3
11,2
11,1
10,303
10,285
10,233
10,207
10,197
10,185
10,175
10,159
10,147
18,1
10,127
10,73
18,3
10,69
10,65
14,1
10,25
10,7
10,3
14,3
13,1
10,2
10,1
9,7
9,5
9,3
13,3
9,2
9,1
8,18
8,17
8,16
8,15
8,14
8,12
8,11
8,10
8,9
8,7
